run_type: mandelbrot
xpixels: 750
ypixels: 1841
frames: 1
colormap: Spectral
height: 2.717170920771834
width: 2.424331776329559
center: (-0.5933805908580333-1.0005368264963423j)
point_value_max: 2.422270686649999
steps: 94
power: 3.781137281865923
param: (1.3924444940354732-0.07301567587337576j)
