run_type: mandelbrot
xpixels: 1024
ypixels: 1024
frames: 100
colormap: inferno
# color_by: iterations
height: 3
center: 0
point_value_max: 5
steps: 100
power: 2.3656485515267196
param: (-0.11184385493403592+0.512792238588708j)
